0,495
0,494
0,493
0,492
0,491
0,490
0,489
81,3
81,2
81,1
81,0
80,5
0,488
80,4
80,3
80,2
80,1
80,0
79,4
79,3
79,2
79,1
79,0
78,3
78,2
78,1
78,0
77,3
77,2
77,1
77,0
76,4
76,3
76,2
76,1
76,0
75,3
75,2
75,1
75,0
0,487
0,486
0,485
0,484
0,483
0,482
0,481
0,480
0,479
0,478
0,477
0,476
0,475
0,474
0,473
0,472
0,471
0,470
74,3
74,2
74,1
74,0
0,469
0,468
73,5
0,467
73,4
0,466
0,465
73,3
73,2
73,1
73,0
0,464
0,463
72,4
0,462
0,461
0,460
72,3
72,2
0,459
72,1
72,0
0,458
0,457
71,3
71,2
71,1
71,0
70,3
70,2
70,1
70,0
0,456
0,455
69,4
0,454
69,3
69,2
69,1
69,0
0,453
68,3
68,2
68,1
68,0
0,452
0,451
0,450
0,449
54,35
0,448
67,3
67,2
67,1
67,0
66,5
66,4
66,3
66,2
0,447
66,1
66,0
0,446
0,445
0,444
0,443
65,4
0,442
